camera_matrix:
- - 1465.1422940468742
  - 0.0
  - 1906.6522002186523
- - 0.0
  - 1472.1013921434355
  - 810.1495862308002
- - 0.0
  - 0.0
  - 1.0
dist_coefs:
- - 0.1263717154382707
  - -0.572225472391961
  - 0.0033995958683426023
  - 0.0013254733728189716
  - 0.7692590390993574
rms: 2.560341949646997
